seqID	sampleID	mouse	day	cage	mouseID	species	sex	age	FMT	FMT_type	experiment	group	clinda35	FMTID	type	survey	human_group	Porphyromonadaceae_unclassified	Bacteroides	Alistipes	Bacteroidetes_unclassified	Bacteroidales_unclassified	Barnesiella	Lactobacillus	Lachnospiraceae_unclassified	Clostridiales_unclassified	Turicibacter	Clostridium_XI	Allobaculum	Ruminococcaceae_unclassified	Clostridium_XlVa	Oscillibacter	Firmicutes_unclassified	Clostridia_unclassified	Flavonifractor	Ruminococcus	Clostridium_XlVb	Blautia	Enterococcus	Escherichia/Shigella	Burkholderiales_unclassified	Desulfovibrionaceae_unclassified	Alphaproteobacteria_unclassified	Parasutterella	Bifidobacterium	Enterorhabdus	Olsenella	Akkermansia	Anaeroplasma	Bacteria_unclassified	other
d1_1203_1	d1_1203_1	1203_1	1	1203	1	mouse	F	6.5	noFMT	none	1	CDI	no	none	fecal	experiment	NA	0	0.0198478332782005	0.00661594442606682	0	0	0	96.6854118425405	0	0.00661594442606682	0	2.9904068805822	0	0	0	0.00661594442606682	0	0	0	0	0	0	0	0.00661594442606682	0	0	0	0	0	0	0	0	0	0	0.277869665894826
d1_1203_2	d1_1203_2	1203_2	1	1203	2	mouse	F	6.5	noFMT	none	1	CDI	no	none	fecal	experiment	NA	0	0	0	0	0	0	78.2608695652174	0	0.0155557283969822	0	21.4046822742475	0	0	0.0155557283969822	0	0	0	0	0	0	0	0	0.132223691374349	0	0	0	0	0	0	0	0.0155557283969822	0	0	0.155557283969799
d1_1207_1	d1_1207_1	1207_1	1	1207	1	mouse	M	6	noFMT	none	1	CDI	no	none	fecal	experiment	NA	0.0218690771249453	0.0583175389998542	0	0	0	0	91.0263886863974	0	0.0145793847499636	0	8.65286484910337	0	0.0218690771249453	0	0	0	0	0.0145793847499636	0	0	0.0437381542498907	0	0	0	0	0	0	0.0145793847499636	0	0	0.00728969237498178	0	0	0.123924770374728
d1_1207_2	d1_1207_2	1207_2	1	1207	2	mouse	M	6	noFMT	none	1	CDI	no	none	fecal	experiment	NA	0.444847934634589	0.0907852927825692	0	0	0	0	60.354062641852	0.0998638220608262	0	0	38.6109850204267	0	0.0181570585565138	0.00907852927825692	0	0	0	0	0	0	0	0	0.0544711756695415	0	0	0	0	0	0	0	0.0907852927825692	0	0.00907852927825692	0.217884702678177
d1_1268_1	d1_1268_1	1268_1	1	1268	1	mouse	M	10	mFMT	mouse	3	CDI	yes	yWT_spore	fecal	experiment	NA	0.121248863291907	0.0151561079114883	0.0151561079114883	0.0151561079114883	0	0	98.4692331009397	0.0303122158229767	0.0151561079114883	0.0303122158229767	0.719915125795696	0	0.00757805395574416	0	0	0	0	0	0	0.00757805395574416	0	0	0	0	0	0	0	0	0	0	0.0151561079114883	0	0.00757805395574416	0.530463776902067
d1_1268_2	d1_1268_2	1268_2	1	1268	2	mouse	M	10	mFMT	mouse	3	CDI	yes	yWT_spore	fecal	experiment	NA	0.0651121149228828	0	0.00406950718268018	0.00406950718268018	0.00813901436536035	0	99.007040247426	0	0	0	0.443576282912139	0	0.00406950718268018	0	0	0	0	0	0	0	0	0	0	0	0	0	0	0	0	0	0.0325560574614414	0	0	0.431367761364129
d1_1269_2	d1_1269_2	1269_2	1	1269	2	mouse	M	10	mFMT	mouse	3	CDI	yes	rWT	fecal	experiment	NA	41.0551081350104	4.57877115193195	1.02253189756583	1.34829427201158	0.027146864537146	0.0452447742285766	4.85928875214913	8.35218532259524	1.85503574337164	0.0542937290742919	0.027146864537146	3.34811329291467	4.27110668717763	0.452447742285766	0.0633426839200072	0.371007148674328	0.180979096914306	0	1.17636412994299	0.180979096914306	0.0361958193828613	0	0	0.0361958193828613	0	0	0	0	0.687720568274364	0.968238168491539	23.5725273730884	0.0904895484571532	0.0452447742285766	1.29400054293731
d1_1269_3	d1_1269_3	1269_3	1	1269	3	mouse	M	10	mFMT	mouse	3	CDI	yes	rWT	fecal	experiment	NA	65.8758427680957	0.661493448670653	0	4.84671161429844	0.0954077089428826	0	19.0688207607175	0.025442055718102	0	0.012721027859051	1.33570792520036	0.00636051392952551	0	0	0	0	0	0	0	0	0	0	0	0	0	0	0	0	0.343467752194377	0.0636051392952551	6.74850527922656	0	0	0.915914005851604
d1_1270_1	d1_1270_1	1270_1	1	1270	1	mouse	F	9	mFMT	mouse	3	CDI	yes	yWT_spore	fecal	experiment	NA	0.169779286926995	0.0169779286926995	0.0169779286926995	0	0	0	99.1086587436333	0.0212224108658744	0.00424448217317487	0.00424448217317487	0.437181663837012	0	0	0	0	0	0	0	0	0	0	0	0.00424448217317487	0.00424448217317487	0	0	0	0	0	0	0.00848896434634975	0	0.00848896434634975	0.19524617996602
d1_1270_2	d1_1270_2	1270_2	1	1270	2	mouse	F	9	mFMT	mouse	3	CDI	yes	yWT_spore	fecal	experiment	NA	0.0877096809560355	0.0219274202390089	0	0	0	0.00548185505975222	90.9494572963491	0.0274092752987611	0.0438548404780178	0.0274092752987611	8.50235719767569	0	0	0	0.00548185505975222	0	0	0	0	0	0	0	0.00548185505975222	0	0	0	0	0	0	0	0.0274092752987611	0	0.0164455651792567	0.279574608047355
d1_1271_1	d1_1271_1	1271_1	1	1271	1	mouse	F	8.5	mFMT	mouse	3	CDI	yes	rWT	fecal	experiment	NA	0.0196417347580138	0.0432118164676304	0.00785669390320553	0	0	0	96.2562853551226	0.0157133878064111	0	0.00392834695160277	3.48051539912005	0	0	0	0	0	0	0	0	0	0	0	0	0	0	0	0	0	0	0	0.0157133878064111	0	0	0.157133878064073
d1_1271_2	d1_1271_2	1271_2	1	1271	2	mouse	F	8.5	mFMT	mouse	3	CDI	yes	rWT	fecal	experiment	NA	0.00637429882712902	0.0701172870984192	0.00637429882712902	0	0	0.00637429882712902	86.9964303926568	0.00637429882712902	0	0	12.6721060683325	0	0.00637429882712902	0	0	0	0	0	0	0	0	0	0	0	0	0	0	0	0	0	0	0	0.00637429882712902	0.223100458949503
d11_1203_1	d11_1203_1	1203_1	11	1203	1	mouse	F	6.5	noFMT	none	1	CDI	no	none	fecal	experiment	NA	0	0.0610420754305646	0.00436014824504033	0	0	0	12.1212121212121	0.013080444735121	24.0113363854371	0	0	0	0.0305210377152823	0.00436014824504033	0	0.0436014824504033	0	0	0	0	0	0.00436014824504033	25.620231087857	0	0	0	0	0	0	0	37.9071288423806	0	0	0.178766078046706
d11_1203_2	d11_1203_2	1203_2	11	1203	2	mouse	F	6.5	noFMT	none	1	CDI	no	none	fecal	experiment	NA	0.0545464462990236	0.0436371570392189	0.0163639338897071	0	0	0	19.9912725685922	0.163639338897071	21.5131184203349	0	0	0	0.00545464462990236	0	0	0.0981836033382425	0	0	0	0	0	0.0109092892598047	24.4640811651121	0	0	0	0	0.00545464462990236	0	0	32.5751377297769	0.365461190203458	0.387279768723068	0.305460099274498
d11_1203_3	d11_1203_3	1203_3	11	1203	3	mouse	F	6.5	noFMT	none	1	CDI	no	none	fecal	experiment	NA	0	0.027357909855687	0	0	0	0	24.1775528349634	0.191505368989809	25.9079406333356	0	0	0	0	0.0205184323917653	0	0.170986936598044	0	0	0	0	0.0136789549278435	0	20.9835168593119	0	0	0	0	0	0	0	24.4100950687367	1.8534983927228	2.05868271664045	0.184665891525995
d11_1203_4	d11_1203_4	1203_4	11	1203	4	mouse	F	6.5	noFMT	none	1	CDI	no	none	fecal	experiment	NA	0	0.00494339809184834	0	0	0	0	15.2652133076277	0.0840377675614217	25.587028523407	0	0.00494339809184834	0	0	0	0	0.014830194275545	0	0	0	0	0	0	23.337782391616	0	0	0	0	0	0	0	33.6892579959464	0	1.70547234168768	0.306490681694555
d11_1207_1	d11_1207_1	1207_1	11	1207	1	mouse	M	6	noFMT	none	1	CDI	no	none	fecal	experiment	NA	0	0.00545821734621473	0	0	0	0	14.1204082746575	0.0163746520386442	29.5180394083292	0	0	0	0	0	0	0.0927896948856504	0	0	0	0	0	0	18.2031548496261	0	0	0	0	0	0	0	34.4850171933846	0.10370612957808	3.25309753834398	0.201954041810026
d11_1207_2	d11_1207_2	1207_2	11	1207	2	mouse	M	6	noFMT	none	1	CDI	no	none	fecal	experiment	NA	0.00512085210979107	0.0512085210979107	0	0	0	0	16.6478902089308	0.0307251126587464	30.7968045882835	0	0.0102417042195821	0	0	0.0102417042195821	0	0.107537894305612	0	0	0	0	0	0.071691929537075	24.0014338385907	0	0	0	0	0.0204834084391643	0	0	24.4264645637034	0	3.63068414584187	0.189471528062271
d11_1207_3	d11_1207_3	1207_3	11	1207	3	mouse	M	6	noFMT	none	1	CDI	no	none	fecal	experiment	NA	0	0.0753693096171239	0.00753693096171239	0	0	0	14.1129032258065	0.0263792583659934	23.454929152849	0	0.018842327404281	0	0.00753693096171239	0	0	0.0452215857702743	0	0.0037684654808562	0	0	0	0.0263792583659934	25.0678323786554	0	0	0	0	0	0	0	34.4814591498342	0.0414531202894181	2.51356647573108	0.116822429906449
d11_1207_4	d11_1207_4	1207_4	11	1207	4	mouse	M	6	noFMT	none	1	CDI	no	none	fecal	experiment	NA	0.0047796577765032	0.023898288882516	0	0	0	0	13.2731096453494	0	19.5010037281331	0	0	0	0.0047796577765032	0	0	0.138610075518593	0	0.0143389733295096	0	0	0	0	22.7224930694962	0	0	0	0	0	0	0	42.0705477487812	0	1.98833763502533	0.258101519931145
d11_1268_1	d11_1268_1	1268_1	11	1268	1	mouse	M	10	mFMT	mouse	3	CDI	yes	yWT_spore	fecal	experiment	NA	0.056590632073829	0.00435312554414069	0	0.00435312554414069	0	0.00435312554414069	99.7039874629984	0.0174125021765628	0.00435312554414069	0.0261187532648442	0.0130593766324221	0	0.00870625108828139	0	0	0	0	0	0	0	0	0	0.00435312554414069	0.00435312554414069	0	0	0	0	0	0	0.0174125021765628	0	0.0261187532648442	0.104475013059414
d11_1268_2	d11_1268_2	1268_2	11	1268	2	mouse	M	10	mFMT	mouse	3	CDI	yes	yWT_spore	fecal	experiment	NA	0.0754716981132075	0.0030188679245283	0	0	0.0060377358490566	0	99.5381132075472	0.0120754716981132	0	0.00905660377358491	0.0120754716981132	0.0030188679245283	0.0060377358490566	0	0	0	0	0	0	0	0	0	0.0030188679245283	0.0030188679245283	0	0	0	0	0	0	0.0241509433962264	0	0.0483018867924528	0.256603773584871
d11_1269_1	d11_1269_1	1269_1	11	1269	1	mouse	M	10	mFMT	mouse	3	CDI	yes	rWT	fecal	experiment	NA	0.0093984962406015	0.00469924812030075	0	0.00234962406015038	0	0	8.18139097744361	0.00469924812030075	5.06109022556391	0.00469924812030075	0	0	0	0	0	0.0399436090225564	0	0	0	0	0.00234962406015038	0	31.5296052631579	0	0	0	0	0.00234962406015038	0	0	54.234022556391	0.0234962406015038	0.782424812030075	0.117481203007486
d11_1269_2	d11_1269_2	1269_2	11	1269	2	mouse	M	10	mFMT	mouse	3	CDI	yes	rWT	fecal	experiment	NA	0.0399201596806387	0	0	0	0.00307078151389529	0.0122831260555811	22.9571625978812	0	4.87640104406571	0.00307078151389529	0	0	0.00614156302779057	0	0	0.0276370336250576	0	0	0	0	0	0	21.8516812528789	0.00307078151389529	0	0	0	0	0	0	48.3985874405036	0.0122831260555811	1.59066482419776	0.2180254874865
d11_1270_1	d11_1270_1	1270_1	11	1270	1	mouse	F	9	mFMT	mouse	3	CDI	yes	yWT_spore	fecal	experiment	NA	0.0239143864963431	0.0179357898722573	0	0.00199286554136192	0	0	24.7772972757528	0	0.00597859662408577	3.14673468981048	0	0	0	0	0.00199286554136192	0	0	0	0	0	0	0	0	0	0	0	0	0	0	0	71.9823033539927	0	0	0.0418501763685981
d11_1270_2	d11_1270_2	1270_2	11	1270	2	mouse	F	9	mFMT	mouse	3	CDI	yes	yWT_spore	fecal	experiment	NA	0.0181433323253704	0.0665255518596916	0	0	0	0.0120955548835803	25.6365285757484	0.00604777744179014	0	0.0725733293014817	0.0604777744179014	0	0	0	0	0	0	0	0	0	0	0	0.0241911097671606	0	0	0	0	0	0	0	73.9461747807681	0	0.00604777744179014	0.151194436044733
d11_1271_1	d11_1271_1	1271_1	11	1271	1	mouse	F	8.5	mFMT	mouse	3	CDI	yes	rWT	fecal	experiment	NA	0.0782676754500391	0.00372703216428758	0.00372703216428758	0	0	0.0149081286571503	42.8795050501286	0.0111810964928627	0	0.0559054824643137	0	0	0	0.00745406432857516	0	0	0	0	0	0	0	0	0	0.00372703216428758	0	0	0	0	0	0	56.8670567626999	0	0	0.0745406432856868
d11_1271_2	d11_1271_2	1271_2	11	1271	2	mouse	F	8.5	mFMT	mouse	3	CDI	yes	rWT	fecal	experiment	NA	0.167141873955363	0.0131091665847344	0.00327729164618359	0.00655458329236719	0	0	52.8332186281257	0.0196637498771016	0	0.101596041031691	0	0	0	0	0	0	0	0	0	0	0	0	0	0.00327729164618359	0	0	0	0	0	0	46.786615540917	0	0	0.0655458329236751
d19_1203_1	d19_1203_1	1203_1	19	1203	1	mouse	F	6.5	noFMT	none	1	CDI	no	none	fecal	experiment	NA	0	64.6673387096774	0	0	0	0	9.46140552995392	0	3.88104838709677	0	1.51929723502304	0	0.00720046082949309	0	0	0.00720046082949309	0	0	0	0	0	2.06653225806452	11.0887096774194	0	0	0	0	0	0	0	7.09245391705069	0	0.0144009216589862	0.194412442396299
d19_1203_2	d19_1203_2	1203_2	19	1203	2	mouse	F	6.5	noFMT	none	1	CDI	no	none	fecal	experiment	NA	39.2300126457777	27.8488127019812	0	2.15680764367009	0.0281017282562878	0.00702543206407194	2.38162146972039	0	0.892229872137136	3.42138541520303	0.540958268933539	1.26457777153295	0	0.358297035267669	0	0	0	0	0	0	0.00702543206407194	0.00702543206407194	12.4139384572151	0	0	0	0	0.807924687368273	0.0491780244485036	0.154559505409583	7.91063650414501	0	0.302093578755093	0.217788393986226
d19_1203_3	d19_1203_3	1203_3	19	1203	3	mouse	F	6.5	noFMT	none	1	CDI	no	none	fecal	experiment	NA	0.00925583117363939	37.5231395779341	0	0	0	0	7.60366530914476	0.106442058496853	3.34598296927064	0	0.814513143280266	0	0	8.49222510181414	0	0.805257312106627	0	0	0	0	0	0.0231395779340985	17.6832654572381	0	0	0	0	2.54072565716401	0	0.9163272861903	16.1282858200666	3.70233246945576	0.046279155868197	0.259163272861898
d19_1203_4	d19_1203_4	1203_4	19	1203	4	mouse	F	6.5	noFMT	none	1	CDI	no	none	fecal	experiment	NA	0	43.8414411119239	0	0	0	0	3.48390636430139	0.0228602779809802	2.57863935625457	0	1.19330651060717	0	0.0228602779809802	3.6987929773226	0	0.0731528895391368	0	0	0	0	0.00457205559619605	0.0228602779809802	14.296817849305	0	0	0	0	3.87710314557425	0	0.736100950987564	23.1666057059254	2.46891002194587	0.0228602779809802	0.489209948793032
d19_1207_1	d19_1207_1	1207_1	19	1207	1	mouse	M	6	noFMT	none	1	CDI	no	none	fecal	experiment	NA	0	58.7295176552042	0.328871451650127	0	0	0	1.75398107546734	0.24232633279483	2.37710593122548	0	0.605815831987076	0.980844680360028	0.686591276252019	8.10639279944611	0	0.0173090237710593	0	0.525040387722132	0	0.392337872144011	3.31756288945304	0.0057696745903531	3.19639972305562	0	0	0	2.86175859681514	0.0057696745903531	0	0	14.3780290791599	0	0.057696745903531	1.43087929840765
d19_1207_3	d19_1207_3	1207_3	19	1207	3	mouse	M	6	noFMT	none	1	CDI	no	none	fecal	experiment	NA	0	65.9611266677648	0	0	0	0	5.55921594465492	0	4.98270466150552	0.00411793773678142	3.73908746499753	0	0.0741228792620656	0.00823587547356284	0	0.255312139680448	0	0	0	0	0.0123538132103443	1.07889968703673	0.0205896886839071	0	0	0	0	0.0370614396310328	0.123538132103443	0	15.3640256959315	0	2.70548509306539	0.0741228792620205
d19_1207_4	d19_1207_4	1207_4	19	1207	4	mouse	M	6	noFMT	none	1	CDI	no	none	fecal	experiment	NA	0	54.855535668627	0.0102275632830478	0	0	0	2.36256711838405	2.35745333674252	2.88417284581948	0.00511378164152391	0.0357964714906674	0	0.0409102531321913	6.80644336486832	0.00511378164152391	0.158527230887241	0	0	0	0	0	0.11761697775505	5.87573510611097	0	0	0	0	1.22730759396574	0	2.08130912810023	10.1457427767834	9.19457939145999	0.756839682945538	1.07900792636151
d19_1268_1	d19_1268_1	1268_1	19	1268	1	mouse	M	10	mFMT	mouse	3	CDI	yes	yWT_spore	fecal	experiment	NA	61.9973468758793	17.0804914979432	1.35470125554409	2.19351726540621	0.39528869474333	0.040198850312881	4.60276836082488	3.39680285143845	1.27430355491833	1.283683286658	0.00535984670838414	2.11847941148883	0.829436278122446	0.0710179688860899	0.364469576170122	0.340350265982393	0.0442187353441692	0.00133996167709604	0.0696780072089938	0.0468986586983612	0.0736978922402819	0	0.0924573557196264	0	0	0	0	0.117916627584451	0.399308579774618	0.0495785820525533	0.39528869474333	0	0.440847391764596	0.920553672164985
d19_1268_2	d19_1268_2	1268_2	19	1268	2	mouse	M	10	mFMT	mouse	3	CDI	yes	yWT_spore	fecal	experiment	NA	39.2029527191179	18.125116800598	0.684451504391703	2.68641375443842	0.186880956830499	0.0163520837226687	7.45187815361615	7.83732012707905	1.22407026723977	0.168192861147449	0	14.0184077742478	1.03485329844889	0.20790506447393	0.163520837226687	0.198561016632405	0.0630723229302934	0	0.0163520837226687	0.0957764903756307	0.0957764903756307	0	0.0560642870491497	0.00233601196038124	0	0	0.00467202392076247	0.904036628667539	0.88768454494487	0.240609231919267	2.56260512053822	0	0.348065782096804	1.51607176228745
d19_1268_3	d19_1268_3	1268_3	19	1268	3	mouse	M	10	mFMT	mouse	3	CDI	yes	yWT_spore	fecal	experiment	NA	49.009682214455	16.1423807802017	2.6475432887389	2.73191113253787	0.208910851311719	0.0200875818568961	3.93716604395163	10.2245791651601	1.49049857378169	0.875818568960669	0	2.8403840745651	1.34586798441204	0.433891768108955	0.771363143304809	0.233015949539994	0.172753203969306	0	0.86778353621791	0.140613072998272	0.0522277128279298	0	0.0200875818568961	0	0	0	0	0.490136997308264	0.582539873849986	0.0964203929131011	2.69575348519545	0	0.626732553935157	1.34185046804066
d19_1269_1	d19_1269_1	1269_1	19	1269	1	mouse	M	10	mFMT	mouse	3	CDI	yes	rWT	fecal	experiment	NA	37.093043942359	0.0177904287493329	0.0978473581213307	5.59508984166518	7.27628535847714	2.58257724011149	2.71007531281504	19.5872620530155	2.81088774239459	1.28387594141019	0	1.69602087410307	2.19415287908439	0.987368795587974	0.711617149973314	0.189764573326217	0.646385577892427	1.35800272786574	0	0.020755500207555	0	0	0	1.17416829745597	0.791674079345312	0.00593014291644429	0	0	0.183834430409773	0.0948822866631086	7.64988436221313	0.49813200498132	0.266856431239993	2.47583466761546
d19_1269_2	d19_1269_2	1269_2	19	1269	2	mouse	M	10	mFMT	mouse	3	CDI	yes	rWT	fecal	experiment	NA	35.4690302289918	0.0259922543082162	2.53424479505107	5.63771995945208	6.43568216671432	2.12356717698126	4.09378005354404	13.4821823096717	1.61411899254022	1.40878018350532	0.00519845086164323	3.15805889844826	1.08907545551426	0.706989317183479	0.540638889610896	0.556234242195826	0.356093884022561	1.17225066930055	0	0	0.0233930288773945	0	0.0129961271541081	2.25352844852234	0.421074519793102	0.00259922543082162	0	0.00259922543082162	0.16115197671094	0.150755074987654	13.593949003197	0.439269097808853	0.535440438749253	1.99360590544022
d19_1269_3	d19_1269_3	1269_3	19	1269	3	mouse	M	10	mFMT	mouse	3	CDI	yes	rWT	fecal	experiment	NA	28.3017183664361	0.0490961838875251	8.07855389422004	5.2131220709663	3.54831510823477	0.928364204418657	1.68712340995314	17.576433831734	11.0198616380272	0.0178531577772819	0	0.254407498326266	2.36108011604553	1.16045525552332	0.406159339433162	0.468645391653649	0.19192144610578	3.72238339656327	0	0.263334077214907	0.00892657888864093	0	0.00446328944432046	5.13724615041285	1.42825262218255	0.0357063155545637	0.00446328944432046	0	0.138361972773934	0.00892657888864093	5.6058915420665	0.165141709439857	0.656103548315108	1.55768801606781
d19_1270_1	d19_1270_1	1270_1	19	1270	1	mouse	F	9	mFMT	mouse	3	CDI	yes	yWT_spore	fecal	experiment	NA	56.8428093645485	23.3632107023411	0.0321070234113712	0	0.179264214046823	0.0240802675585284	5.49297658862876	1.4180602006689	1.57324414715719	3.4943143812709	0	0.355852842809365	0.275585284280936	0.0802675585284281	0.101672240802676	0.0909698996655518	0	0	0.0160535117056856	0.00267558528428094	0.0267558528428094	0	2.25016722408027	0	0	0	0	0.652842809364549	0.460200668896321	0.128428093645485	2.5819397993311	0	0	0.556521739130474
d19_1270_2	d19_1270_2	1270_2	19	1270	2	mouse	F	9	mFMT	mouse	3	CDI	yes	yWT_spore	fecal	experiment	NA	35.2082250963878	16.0537037543409	0.120313909928632	0.0136720352191627	0.090235432446474	0.0191408493068278	8.44931776544256	2.83284569741052	1.34806267260944	2.57307702824642	0	0.0628913620081485	0.514068524240518	0.16133001558612	0.224221377594269	0.0382816986136556	0.00546881408766509	0.00273440704383254	0	0.00546881408766509	0.00546881408766509	0	2.48557600284378	0	0	0	0	0.42930190588171	0.248831040988762	0.0355472915698231	28.6265073418829	0.00273440704383254	0.0164064422629953	0.426567498837926
d19_1270_3	d19_1270_3	1270_3	19	1270	3	mouse	F	9	mFMT	mouse	3	CDI	yes	yWT_spore	fecal	experiment	NA	39.35175806685	21.5916654608595	2.74345246708146	0.0376211836203154	0.0694544928375054	0.0115757488062509	2.85342208074085	15.2221096802199	5.26696570684416	2.28910432643612	0.00289393720156273	0.0607726812328172	2.25727101721893	1.77398350455795	2.54087686297207	0.54116625669223	0.260454348140645	0.00578787440312545	0	0.00289393720156273	0.0202575604109391	0	0.144696860078136	0	0	0	0	0.173636232093764	0.231514976125018	0.0405151208218782	0.66849949356099	0	0.193893792504703	1.64375633048762
d19_1271_1	d19_1271_1	1271_1	19	1271	1	mouse	F	8.5	mFMT	mouse	3	CDI	yes	rWT	fecal	experiment	NA	40.7924537112704	0.0233486656237596	0.128417660930678	5.40755095846272	6.40687384715963	2.20411403488291	2.49130262205515	6.16871745779729	1.30519040836816	4.08368161759555	0	4.65572392537766	1.74181045553247	0.338555651544514	0.193793924677205	0.184454458427701	0.273179387797987	1.25148847743351	0	0.0256835321861356	0.0537019309346471	0	0.277849120922739	7.57197226178524	0.516005510285087	1.06236428588106	0.00466973312475192	0	0.137757127180182	0.289523453734619	9.30677811763058	0.656097504027645	0.490321978098952	1.95661817927108
d19_1271_2	d19_1271_2	1271_2	19	1271	2	mouse	F	8.5	mFMT	mouse	3	CDI	yes	rWT	fecal	experiment	NA	30.7481273696865	0.0647328997256558	1.24842020899479	2.82666995468697	2.32113683301994	2.24715637619062	0.588761135600012	17.4501402546161	2.55232576061157	2.02521500570266	0	1.58749730279584	2.64788385068278	2.36120958046916	0.955580900712062	0.184951142073302	1.30390555161678	3.90863413581579	0	0.197281218211522	0.0123300761382202	0	0.0400727474492155	5.320427853642	2.08994790542832	0.206528775315188	0.00924755710366511	0	0.147960913658642	0.0770629758638759	11.4330630991646	2.660213926821	0.903178077124626	1.88033661107859
d19_1271_3	d19_1271_3	1271_3	19	1271	3	mouse	F	8.5	mFMT	mouse	3	CDI	yes	rWT	fecal	experiment	NA	41.2243092418674	0.0408329930583912	0.435551925956173	3.15775146318225	3.4027494215326	2.07567714713488	1.04124132298897	13.9376616305975	2.34789710085749	1.23860078943787	0	3.65115012930448	2.74942153259834	1.83408193820607	0.94256158976453	0.18374846876276	0.58867564992514	2.42275758813121	0.0034027494215326	0.0646522390091194	0.0408329930583912	0	0.0442357424799238	3.5388593983939	2.20157887573159	0	0.0034027494215326	0	0.129304478018239	0.190553967605826	9.75568259153396	0.6158976452974	0.370899686947053	1.76602694977548
d4_1203_2	d4_1203_2	1203_2	4	1203	2	mouse	F	6.5	noFMT	none	1	CDI	no	none	fecal	experiment	NA	34.3415625560404	0	0	0	0.0119552872257756	0.0358658616773268	20.5929822463985	3.70016139637755	0.101619941419093	0	0.627652579353219	0	0.0537987925159902	0.0777093669675414	0	0.179329308386634	0	0	0	0.0777093669675414	0.0239105744515512	0.0358658616773268	20.3718094327216	0	0	0	0	0	0.167374021160858	0	19.1224819176281	0	0	0.478211489030997
d4_1203_3	d4_1203_3	1203_3	4	1203	3	mouse	F	6.5	noFMT	none	1	CDI	no	none	fecal	experiment	NA	28.5408299866131	0.0107095046854083	0	0	0.0160642570281124	0	17.9651941097724	2.25435073627845	0.107095046854083	0	0.369477911646586	0	0.0428380187416332	0.289156626506024	0	0.187416331994645	0	0.00535475234270415	0	0	0.0160642570281124	0.00535475234270415	18.6559571619813	0	0	0	0	0	0.187416331994645	0	31.1807228915663	0	0.00535475234270415	0.160642570281084
d4_1203_4	d4_1203_4	1203_4	4	1203	4	mouse	F	6.5	noFMT	none	1	CDI	no	none	fecal	experiment	NA	26.4366013071895	0.057516339869281	0.0156862745098039	0	0	0	7.50849673202614	9.30196078431373	0.298039215686275	0.00522875816993464	2.10718954248366	0	0.0679738562091503	0.14640522875817	0	0.0888888888888889	0	0.00522875816993464	0	0.057516339869281	0.0470588235294118	0	22.7398692810458	0	0	0	0.00522875816993464	0	0.0679738562091503	0	30.7816993464052	0.0261437908496732	0.00522875816993464	0.230065359477152
d4_1207_1	d4_1207_1	1207_1	4	1207	1	mouse	M	6	noFMT	none	1	CDI	no	none	fecal	experiment	NA	16.9237549581313	59.371655228861	0.0251841591638859	0.176289114147201	0	0.0251841591638859	2.85840206510105	0.365170307876346	0.0629603979097148	0	0.0944405968645722	0	0.182585153938173	1.00107032676447	0	0.0566643581187433	0	0	0	0.327394069130517	0.0692564377006863	0	5.19423282755147	0	0	0	0	3.84688031228357	0.333690108921488	0.654788138261034	8.01485865390669	0.0251841591638859	0.0377762387458289	0.352578228294476
d4_1207_2	d4_1207_2	1207_2	4	1207	2	mouse	M	6	noFMT	none	1	CDI	no	none	fecal	experiment	NA	22.1362151294295	46.7202814777582	0	0.246293038451872	0.0452374968585072	0.0150791656195024	3.61397336014074	2.62880120633325	0.809248554913295	0.00502638853983413	0.0552902739381754	0	1.6938929379241	1.6788137723046	0.00502638853983413	0.0603166624780096	0	0	0	1.65368182960543	0.321688866549384	0.0452374968585072	4.45338024629304	0	0	0	0.0100527770796683	0.723799949736115	0.0854486051771802	0.688615229957276	11.1032922844936	0	0.00502638853983413	1.19628047248054
d4_1207_3	d4_1207_3	1207_3	4	1207	3	mouse	M	6	noFMT	none	1	CDI	no	none	fecal	experiment	NA	25.1125539073978	18.4161888062177	15.58693900763	0.255912042083314	0.0473911189043173	0.00947822378086347	6.21771480024643	5.35045732429743	13.4022084261409	0.00473911189043173	0	0	2.88611914127293	0.786692573811668	0.350694279891948	0.748779678688214	0.0758257902469077	0.0189564475617269	0	0.364911615563243	0.071086678356476	0	0.10899957347993	0	0	0	0	4.19411402303208	0.142173356712952	0.895692147291598	3.76759395289323	0	0.786692573811668	0.39808539879624
d4_1268_3	d4_1268_3	1268_3	4	1268	3	mouse	M	10	mFMT	mouse	3	CDI	yes	yWT_spore	fecal	experiment	NA	0.305188199389624	0.0435983141985177	0	0.0290655427990118	0	0.0435983141985177	73.4195611103037	5.78404301700334	0.0145327713995059	11.7279465194013	5.62418253160878	0.0435983141985177	0.0726638569975294	0	0	0	0	0	0	0	0	0	0.0290655427990118	0	0	0	0	0	2.49963668071501	0	0	0	0	0.363319284987625
d4_1269_1	d4_1269_1	1269_1	4	1269	1	mouse	M	10	mFMT	mouse	3	CDI	yes	rWT	fecal	experiment	NA	45.1598056762976	14.1344924571721	3.04781385834825	1.01764254666326	0.0409102531321913	0.0153413449245717	7.30248018409614	2.53132191255433	1.08412170800307	0.0102275632830478	0	3.23190999744311	2.46484275121452	0.255689082076195	0.0971618511889542	0.286371771925339	0.230120173868576	0	0.173868575811813	0	0.0511378164152391	0	1.10457683456916	0.00511378164152391	0	0	0	0.00511378164152391	0.56251598056763	2.41881871644081	13.6231142930197	0.0409102531321913	0.148299667604193	0.956277166964966
d4_1269_2	d4_1269_2	1269_2	4	1269	2	mouse	M	10	mFMT	mouse	3	CDI	yes	rWT	fecal	experiment	NA	51.5146831530139	16.0793405461103	1.62287480680062	1.10767645543534	0.0154559505409583	0.00515198351365276	7.12519319938176	1.45801133436373	1.17980422462648	0.0154559505409583	0	5.13137557959814	2.55538382277177	0.175167439464194	0.108191653786708	0.200927357032458	0.540958268933539	0	0.906749098402885	0	0.0257599175682638	0	0.144255538382277	0	0	0	0	0.00515198351365276	0.365790829469346	1.77228232869655	6.78516228748068	0.118495620814013	0.154559505409583	0.886141164348246
d4_1270_1	d4_1270_1	1270_1	4	1270	1	mouse	F	9	mFMT	mouse	3	CDI	yes	yWT_spore	fecal	experiment	NA	0.0977741991142808	0.0115028469546213	0	0.0115028469546213	0	0.0172542704319319	29.0331857134641	0.0230056939092425	0.00575142347731063	14.4360729280497	2.53062633001668	0.0172542704319319	0	0	0	0.0230056939092425	0	0	0	0	0	0	0.0115028469546213	0	0.00575142347731063	0	0	0	0	0	53.6147696554897	0	0	0.161039857364699
d4_1270_2	d4_1270_2	1270_2	4	1270	2	mouse	F	9	mFMT	mouse	3	CDI	yes	yWT_spore	fecal	experiment	NA	0.249687890137328	0	0	0.00960338038989724	0	0.038413521559589	30.7404206280611	0.0480169019494862	0.00960338038989724	5.5795640065303	3.56285412465188	0	0	0	0	0	0	0	0	0	0	0	0	0	0	0	0	0	0	0	59.6081820800922	0	0.0672236627292807	0.086430423509043
d4_1271_1	d4_1271_1	1271_1	4	1271	1	mouse	F	8.5	mFMT	mouse	3	CDI	yes	rWT	fecal	experiment	NA	0.103984496856832	0.0283594082336815	0.00945313607789384	0.00472656803894692	0.00945313607789384	0.00945313607789384	52.0631469490003	10.0108711064896	0.00472656803894692	20.924516708418	16.6895117455216	0	0	0.0661719525452569	0	0	0	0	0.00472656803894692	0	0	0	0	0	0	0	0	0	0	0	0	0	0.00472656803894692	0.0661719525452611
d4_1271_3	d4_1271_3	1271_3	4	1271	3	mouse	F	8.5	mFMT	mouse	3	CDI	yes	rWT	fecal	experiment	NA	0.0407934322574066	0.00509917903217582	0	0.0101983580643516	0	0	66.2077405537708	0.0815868645148131	0	20.5496914996686	10.1269695579012	0	0.0458926112895824	0	0	0	0	0	2.73315996124624	0	0	0	0.0203967161287033	0	0	0	0	0	0	0	0	0	0	0.178471266126124
dn7_1203_1	dn7_1203_1	1203_1	-7	1203	1	mouse	F	6.5	noFMT	none	1	CDI	no	none	fecal	experiment	NA	21.9659574468085	12.1446808510638	12.1872340425532	0.14468085106383	0.00851063829787234	0.00851063829787234	14.136170212766	23.6255319148936	2.45957446808511	0	0	0	5.42127659574468	2.92765957446808	1.2936170212766	0.297872340425532	0.0680851063829787	0	0	0.442553191489362	0.051063829787234	0.00851063829787234	0.11063829787234	0	0	0	0	0.0851063829787234	0.280851063829787	0	0.00851063829787234	0.025531914893617	1.12340425531915	1.17446808510638
dn7_1207_1	dn7_1207_1	1207_1	-7	1207	1	mouse	M	6	noFMT	none	1	CDI	no	none	fecal	experiment	NA	29.2225042800638	14.5817344589409	12.674892260464	0.153491941673062	0.0826495070547258	0.0118070724363894	7.39713088139796	17.5984414664384	4.05572938189976	1.2220319971663	0	0	2.63297715331484	1.19251431607533	0.808784461892674	1.04492591062046	0.419151071491824	0	0	0.141684869236673	0.0236141448727788	0.194816695200425	0.0177106086545841	0	0	0	0	0.0472282897455576	0.177106086545841	0	0.0413247535273629	0	5.95076450794026	0.306983883346092
dn7_1268_1	dn7_1268_1	1268_1	-7	1268	1	mouse	M	10	mFMT	mouse	3	CDI	yes	yWT_spore	fecal	experiment	NA	27.7310013370433	3.56303978607307	20.5326491526036	0.531203700357749	0.469771979908214	0.0433635673761428	1.8718606584035	23.9113937773281	2.93065442850432	2.529541430275	0	0.299931341018321	2.54399595273371	1.11661185993568	2.55845047519243	4.04003902721064	0.108408918440357	0	0.0397499367614642	0.245726881798143	0.0216817836880714	0	0.00722726122935714	0	0	0	0	0.961225743504499	0.184295161348607	0	0.0361363061467857	1.20695262530264	2.28742817909153	0.227658728724762
dn7_1269_1	dn7_1269_1	1269_1	-7	1269	1	mouse	M	10	mFMT	mouse	3	CDI	yes	rWT	fecal	experiment	NA	36.1856853846574	2.37847886707857	23.6754333205752	1.49816829788397	0.0273388375526273	0.0437421400842036	3.59779102192575	14.6153425556345	1.93012193121548	1.61845918311553	0	1.41068401771557	3.3079993438679	0.535841216031494	0.623325496199902	0.453824703373613	4.38514954344141	0	0.0874842801684072	0.136694187763136	0.0218710700421018	0	0.0109355350210509	0	0	0	0.00546776751052545	1.5255071354366	0.213242932910493	0.0929520476789327	0.0765487451473563	0	1.29039313248401	0.251517305484271
dn7_1269_2	dn7_1269_2	1269_2	-7	1269	2	mouse	M	10	mFMT	mouse	3	CDI	yes	rWT	fecal	experiment	NA	30.4311935515199	7.21083810818685	18.9278430610858	0.757502185102457	0.0194231329513451	0.0339904826648538	3.6418374283772	16.8689909682432	2.55414198310187	0.165096630086433	0	0.432164708167427	3.9234728561717	1.35476352335632	1.46644653782655	0.985723997280761	6.10857531319802	0	0.908031465475381	0.0825483150432165	0.00971156647567253	0	0.00485578323783626	0	0	0	0	0.417597358453919	0.218510245702632	0.0631251820918714	0.145673497135088	0.0291346994270176	2.60755559871807	0.631251820918607
dn7_1270_1	dn7_1270_1	1270_1	-7	1270	1	mouse	F	9	mFMT	mouse	3	CDI	yes	yWT_spore	fecal	experiment	NA	33.4328952608523	8.60712863401035	18.6778176025488	0.328554360812425	0.647152528872959	0.637196336121067	3.44982078853047	9.1447630426125	2.34966148944644	11.1708482676225	0	0.199123855037834	2.05097570688969	0.886101154918359	0.856232576662684	1.10513739545998	2.30485862206292	0	0.0199123855037834	0.029868578255675	0.0248904818797292	0	0.00497809637594584	0	0	0	0	0.0149342891278375	0.2389486260454	0.00497809637594584	0.0647152528872959	0.507765830346475	2.49900438072481	0.741736360015821
dn7_1270_2	dn7_1270_2	1270_2	-7	1270	2	mouse	F	9	mFMT	mouse	3	CDI	yes	yWT_spore	fecal	experiment	NA	38.5878227605993	8.05440442035915	16.6666666666667	0.340027627244714	0.51004144086707	0.302837105514823	6.92274997343534	7.23621294230156	1.23260014876209	11.0880884071831	0.0106258633513973	0.27627244713633	2.32706407395601	0.414408670704495	0.191265540325151	0.637551801083838	1.50355966422272	0	0.0212517267027946	0.0212517267027946	0.0159387950270959	0	0.00531293167569865	0	0	0	0	0.0584422484326852	0.281585378812028	0.0425034534055892	0.270959515460631	0.132823291892466	2.50770375092976	0.340027627244666
dn7_1271_1	dn7_1271_1	1271_1	-7	1271	1	mouse	F	8.5	mFMT	mouse	3	CDI	yes	rWT	fecal	experiment	NA	50.6878913484434	6.94505688332305	11.7867536819825	0.388041273480907	0.806949466443249	0.251344915777405	6.12928829702796	7.17876355939677	1.26554369873887	6.42031925213864	0	0.171972837110856	2.97645294999559	0.520328071258488	0.246935355851486	0.194020636740453	0.127877237851662	0	0.0396860393332745	0.00440955992591939	0.00881911985183879	0	0	0	0	0	0	0.485051591851133	0.383631713554987	0	0.449775112443778	0.022047799629597	2.05044536555252	0.458594232295667
dn7_1271_2	dn7_1271_2	1271_2	-7	1271	2	mouse	F	8.5	mFMT	mouse	3	CDI	yes	rWT	fecal	experiment	NA	41.9623591464877	7.53116758571086	15.5867897386718	0.698273795252937	0.830136657875809	0.710261328218653	5.93382881802925	4.49532486214337	1.5134260369216	10.1444497722369	0	0.332654039798609	2.10980580196596	0.27571325821146	0.395588587868617	1.50743227043874	0.0749220810357228	0	0.0719251977942939	0.00599376648285783	0.0389594821385759	0	0.00599376648285783	0	0	0	0	1.61232318388876	0.278710141452889	0.0119875329657157	1.02193718532726	0.27571325821146	2.22668424838168	0.347638456005669
dn7_1271_3	dn7_1271_3	1271_3	-7	1271	3	mouse	F	8.5	mFMT	mouse	3	CDI	yes	rWT	fecal	experiment	NA	36.3555228895422	6.96136077278454	13.1352372952541	0.351742965140697	0.488240235195296	0.456740865182696	9.20306593868123	8.15308693826124	1.42272154556909	11.8017639647207	0	0.698236035279294	2.14195716085678	0.220495590088198	0.682486350272995	0.818983620327594	0.183746325073499	0	0.0367492650146997	0.0209995800083998	0.0104997900041999	0	0.00524989500209996	0	0	0	0	0.992230155396892	0.414741705165897	0.0367492650146997	2.95044099118018	0.152246955060899	1.67471650566989	0.629987400251991
